-0.00911722149818876,0.239736417993336,1
-0.374031418633481,0.825332758297218,1
-0.850537149859129,1.31368408472633,1
-0.0907151438545734,-1.35624980901953,1
-0.218834303275029,0.402502107124217,1
2.83756291640606,-0.547010843816253,1
0.591984685750798,-0.722458637727597,1
0.645556701812431,-0.0505283546674089,1
-0.54508823017692,0.913839518293937,1
-0.262165682622979,-1.16298919288803,1
-0.506931605209985,-0.351872640731373,1
-2.23206217617098,-1.23797650224311,1
0.685785549243201,-0.487490553278361,1
0.968172776816804,1.44713086442208,1
0.129640982586501,1.31673079298844,1
-0.585097702393457,-0.289031744039468,1
0.440481472930322,2.2038715509962,1
0.393006027751894,1.15606158803289,1
-0.403850601439643,-0.832602132968527,1
0.0306688399981803,-1.57075120446097,1
0.0630127684595334,0.734559043330616,1
0.688164823680477,-0.183805005432429,1
0.132427102918305,-2.64492099027915,1
0.137494470503358,0.752576480284742,1
-1.90202597701886,0.278919116633235,1
-0.39686491923857,-1.17056590454393,1
-2.09931777702543,1.26242225775622,1
-1.01813505319454,-0.632721321422416,1
1.62095872301915,-0.114488038605713,1
0.526585946967398,-0.302307785409953,1
0.892081368826801,-0.767388170910794,1
0.466890794639322,-0.124766373652136,1
-0.0312436615898821,1.61540339961823,1
1.05681252397445,1.49341978946066,1
-0.348494302217429,-1.12532481893997,1
0.420416389266064,1.07746273956215,1
0.303217561031792,-0.808342600827307,1
0.482512406585211,-1.53791534036417,1
-1.10578625003686,-0.144235407604177,1
0.968784493998553,-0.578507708168487,1
2.60804277244812,1.44488737224902,1
1.60579442650409,-1.22531117596806,1
-0.133106297500578,-0.660211388308545,1
0.752995852473223,-0.133674814346259,1
1.40555133422337,0.0341286165691429,1
0.659767897128397,-0.775634692116277,1
-0.882332465631748,0.791720344422677,1
0.868289795032016,-0.768384532811637,1
-0.429205552368998,-0.326072806632907,1
-0.64647998471383,0.92811138073624,1
0.266186106823829,-0.568162354135178,1
-0.163934185083133,-0.932752536080242,1
-1.39806136759959,-1.63322974706775,1
2.18623534414079,0.150217545343035,1
-1.00874373377822,-1.59710827888962,1
-1.8120955018319,-0.471715058311986,1
0.407104664406824,0.826576576782257,1
-0.097652293835714,0.213977038912854,1
-1.18957871729868,-0.327836870845326,1
-0.422139986286042,-0.231373809832752,1
-0.359495397436032,0.0570431887630305,1
-0.0706429048404864,-1.1039469713885,1
0.101507565190214,0.646530906283818,1
1.36947992063818,0.582032922505582,1
0.308045773525498,1.06575052896255,1
0.105125247195705,2.14667672451721,1
1.65000811073204,0.813141357950964,1
0.834453113985554,-0.844155202179667,1
-0.558287789163452,1.00253797010574,1
0.241375512268286,1.80760546382112,1
2.01188964456643,1.08154132321208,1
-0.945691436355692,-0.256991236762163,1
0.738731155170286,-1.55566070192702,1
0.47875604470842,-0.874281802251406,1
1.7066225571599,-0.142397979812626,1
1.40085347314388,0.231749281221112,1
-0.220892214317249,-1.94656362625079,1
-2.24738906185959,0.475854267571199,1
-0.962866380940968,0.324460946853915,1
-1.64828044868013,0.232631242319525,1
0.420763913961136,0.22903198870458,1
-0.244039961220831,-0.0926393310504467,1
-1.26232011797294,2.33015764202477,1
0.371322750202857,-0.912748018357196,1
1.74076517292513,0.414799714377259,1
0.62407337720167,1.36947932811522,1
0.756202575822537,0.182694479910465,1
-0.719655444346674,1.39798930905219,1
0.958684857967273,-1.01016215022753,1
0.21827835037478,-0.272213769269695,1
0.572999129121266,-0.292376526394243,1
-0.5332664183407,-1.33573832716737,1
0.129422068717872,-1.03429518813991,1
-0.170555083222899,-0.366809079867085,1
0.158348641320898,-0.511166417004974,1
-0.0444269261895704,0.739055767172468,1
-0.000552483627593835,1.11357724821804,1
0.963981957018623,-0.788377429348239,1
-0.814356631614765,1.07473711074483,1
-1.41956787788235,0.794018069646166,1
-0.213188122263984,-0.00626924939674656,1
-0.371844027216417,-2.98241358825543,1
-0.0359601314249527,0.241153148664022,1
-1.4135438280153,-0.809229201435654,1
0.177537603167875,1.82226611349074,1
1.09640340888775,-0.450041376882682,1
-0.909130842710229,-1.51205106487321,1
-0.354868606716376,1.34845811046506,1
1.66651862042883,-1.18128201106641,1
0.854210202892227,0.300763529815702,1
0.23673151799206,0.889208163825693,1
-0.501247744626544,-1.35502306426584,1
0.282827142875862,-0.365679268539767,1
0.0023675870737174,1.8422208314998,1
-1.22638212115459,1.65891480951563,1
-0.708488486495316,-0.793505176048665,1
1.08463099370671,0.436911156166226,1
-0.454791238831908,2.02747286028492,1
2.28364828645884,-0.789251471893897,1
0.343565256213395,-1.06616417073087,1
-1.01585360133744,-0.995561092749689,1
-0.626757858946465,1.0237023908987,1
-0.849542563717448,0.455225531476824,1
-0.959229769204156,0.393728722276425,1
-2.12981598071175,-1.78432309926345,1
-0.522069041086683,1.59281395064789,1
0.88047954146284,0.182623391698612,1
1.25757861153869,-0.513592520532385,1
-0.826901307085732,0.490601295438121,1
-0.382787913778399,0.778039665984851,1
-0.133291322930441,-0.726418126520127,1
1.09620575559704,0.772186673702972,1
-0.708275140209084,-0.00961780896653583,1
-1.12017780557879,2.78958883931838,1
-0.0672999436862768,0.865715720563025,1
2.24629610810689,-0.79886676866224,1
0.24044832258097,-1.67876155301381,1
-0.152624497109581,0.563768389701227,1
-0.161183891582001,-0.0765929571665425,1
-0.906343756340643,0.202495226859613,1
-0.200024402896398,1.7215076793176,1
-0.534599677837868,0.0501863145181461,1
0.258767404985595,0.0577794658956835,1
1.21303091492943,1.39091391585184,1
-1.53680907739152,-0.717928545406344,1
0.500017546616477,-0.491696249839618,1
1.42331624426752,0.744312337141569,1
-0.955889543469189,-0.541446809756691,1
3.12833343202598,1.55168281514448,1
0.813534947464173,-1.25532467847637,1
1.23818196739586,2.22277969525245,1
-0.965179289676885,0.486491818938911,1
-0.89226596945159,0.66982199325159,1
0.60736961557096,0.353971549487334,1
0.735216193319838,-0.997200538761235,1
0.211671065659349,0.27754143077035,1
1.14093625427128,-1.27493243701591,1
-0.552696213666017,0.380257785139799,1
-1.15554169863439,0.271793830910746,1
-0.652172093934725,0.348138825716511,1
-0.548880229150579,2.60909530547475,1
-0.0321375349377546,0.0867025209897136,1
-1.11896662011876,0.20081147728125,1
1.37866511209325,-0.217050266270389,1
-0.744559285015893,-0.0115356023693893,1
0.213125143017926,2.20422377230084,1
0.120996908257911,-0.0985563340959291,1
-0.62295912228955,0.065006939937101,1
-0.0485500235955775,-1.02017093045764,1
-0.0767655594594343,-1.48197259529806,1
1.00722761641081,-1.30236398461488,1
-1.34901575407117,0.779050946700187,1
0.630530434761057,1.93001186090284,1
-1.09575151306641,-1.16305980101642,1
0.399963974295139,-0.0948617981258937,1
0.439550182381854,0.96128882265205,1
-2.27622880743046,0.0461568615269013,1
0.514869842898035,0.391974890458611,1
-0.676703584833036,0.263124560424944,1
0.0213704506924208,1.31294594933694,1
-0.62931462281401,0.52694384107896,1
-0.425891705022885,-0.590251851990155,1
-1.36344486720845,0.607672373915897,1
-1.00193842622566,0.438078406892822,1
2.06516994038363,0.763404289061187,1
1.13541586841107,1.09939075702248,1
-1.04464850945416,-0.826570438700876,1
-1.57516135809324,-0.477935119870729,1
-1.67303806922798,-0.0695159666065805,1
-1.90033529677925,-0.293630687595402,1
1.68963380406437,-0.0547308354361284,1
-0.717676828597677,1.0811230726776,1
-0.142078925982589,0.230890257912386,1
-0.793378065175464,-0.0117229627737257,1
-0.4290576052198,0.259314097887183,1
1.51276016301184,-0.557165336459748,1
0.975158269242491,-0.157009886467808,1
0.838347691388481,-1.38307396548302,1
-0.210637651795107,-1.39375193981013,1
0.591597883050462,-0.316613792206858,1
-1.70165061284393,0.714487997449229,1
0.00218697514161167,-0.461620927942525,1
-0.998925532751882,0.106239977917929,1
0.960048242757815,1.33500596649243,1
-0.238355141689962,0.0565582933623537,1
-0.327016030395646,-1.44456421265719,1
0.654086880912423,2.46542883655958,1
-0.13557884541189,0.0650568162790699,1
-0.0379044304405872,-0.945786208471246,1
-1.61019479199008,-1.01689605813124,1
-2.06143587074289,-1.26437157295056,1
0.227479856744236,-1.21160840633132,1
-0.320116209142256,0.937312904719271,1
-0.375190859923959,-0.473588913470397,1
-0.716680780553269,2.69863412889909,1
-0.465250998416029,-0.199141581941641,1
-0.406044912593372,1.42713173545679,1
1.49731835355431,-2.27057516723849,1
0.700428247067952,-0.266845611895571,1
1.00658677336806,0.233468116249873,1
0.0928108856379636,-1.1986920638473,1
-0.73290057792931,-0.197959466184148,1
-0.0860215422484333,-0.464324757271634,1
0.386724199490392,-1.55393157776151,1
0.00122876410083374,1.21287233004461,1
-0.14776674155304,-0.672261271687192,1
-1.65448434918831,1.61655623510803,1
-1.86187079224837,0.445840125645119,1
0.107562940848667,-0.780134642628882,1
-0.993091272091044,0.140949768454179,1
-1.13898788268195,0.346288270498545,1
0.0268003607213588,-0.658040155050099,1
-0.438487917667964,-0.891720416989603,1
2.06469937298662,0.294531621718001,1
-1.02107461641331,1.32828531480848,1
-0.225057069778279,-0.383444738194509,1
-0.00753149823710069,-0.846502497156279,1
0.189965931639081,0.731960324911238,1
1.33272221380432,-0.757323642431909,1
0.787562609505387,-0.373186320089356,1
-0.0576580099058176,1.42917239731051,1
-1.49450093137184,0.715354762575842,1
1.08301348016477,0.163067533171565,1
-0.0413320839765539,0.257381981331238,1
0.698239736468933,-1.85469703245261,1
-0.399732846741232,0.396670990506671,1
-0.368160719649425,-0.106923267064495,1
-0.227693222528399,-0.338667024015047,1
0.106060370885728,-0.110401570739923,1
0.401567990190938,-1.54907640819201,1
0.79332720393371,-1.19794368224769,1
0.168818627153906,0.183426263176525,1
1.6903647415623,-0.275789769511591,1
-1.41938074092352,0.478235251732218,1
0.800894032927082,-1.16298677560675,1
0.374293641477497,-0.562732141450215,1
-0.933411321025675,0.461673194081473,1
-2.04124899489518,0.297790571256665,1
-0.676645389800135,-1.42600868019405,1
-0.488114200267221,0.85016426545035,1
-2.6847057904293,-0.953102035879928,1
-0.698413824782004,0.462751851432274,1
0.48918625552939,0.220526997526972,1
1.86948579535512,1.32467835419448,1
-0.972789960831898,2.01888629292882,1
-1.63530940111525,0.152576514628203,1
0.852271608126481,0.353292501048438,1
-0.028764241437769,-0.918576960660313,1
0.373439145918842,-1.06081242980207,1
1.83012813930828,1.02070839415109,1
-0.466906623712988,0.652042405908536,1
-1.01372139872033,0.845471407936408,1
-0.330331712667005,-0.199019294865543,1
-1.22161905199666,-0.262292286587149,1
0.249986698066166,-2.39347350203034,1
0.532088964504597,-0.030127605693988,1
0.840271787324089,-0.736312554653947,1
0.888872543280111,0.991565163102997,1
-1.33972078345397,-1.19709224955768,1
0.205121842569827,-1.0770834364544,1
-0.173353470698106,-1.09182397947062,1
0.447331242197885,-0.552388371958071,1
0.618770992486033,1.3839767606086,1
-1.46092217571847,-0.171216895718929,1
-0.884157926979057,-0.731205659891076,1
0.460671529116049,-0.497910836776099,1
-1.07446341278455,-0.392809895472255,1
0.404150490556947,-1.8942360202045,1
1.86412569639245,-0.672317671567981,1
0.65431815095963,-0.178123193150347,1
0.905189525726707,0.327327112864245,1
0.302358798966563,1.08880790690777,1
-1.23794890658731,-2.49566461794643,1
-0.229269103123,0.382392400621633,1
-0.271184970875709,-0.0157602196283675,1
0.932622709645979,0.696367284822425,1
-0.0652750184111922,-0.340349846136711,1
-0.292481169357105,-1.01025766476351,1
0.21510787378743,-2.25534197796497,1
1.908657371091,0.469918286648603,1
1.80021293500645,-0.597245202402151,1
-0.443099981051999,0.245356052427665,1
-0.869042006240593,-0.731383659355592,1
0.468063559006155,-1.6002534520504,1
1.56164864653387,1.9636851408707,1
-1.77273239329377,0.707178593945936,1
-0.602241275755579,1.05815736952074,1
-0.34006002815728,-0.123488853742744,1
-0.463932644774127,0.00339155174803553,1
-0.176470969516928,-0.0697235279813265,1
1.16640325774523,1.41738956270981,1
0.238485582046633,0.0401824007286426,1
-1.25522057555347,-0.551266112683302,1
-0.19243525739564,-0.574858729921898,1
0.609421322330408,-0.137617551429438,1
-1.09428035512025,-1.23411704361845,1
-1.27000646041024,0.808193207857551,1
-0.619478636333618,-1.14383982130033,1
1.30419408435047,0.194327383625802,1
-0.537064754321688,0.848536343839582,1
-0.993977370996066,0.0684133686684623,1
-1.38328756791403,-1.24209025339601,1
0.322903904632392,1.25401238121087,1
-0.247280344221755,-1.14093300384858,1
0.397850567497948,-0.894940132910409,1
0.147541869322027,-2.36954061878692,1
0.782086095809212,2.49020339253185,1
0.434928221389942,0.436671753240066,1
0.756850487357364,-0.791293892015321,1
-0.82656346362534,0.816442569840699,1
1.55710404912632,-0.0243369336606559,1
-0.660612927163661,0.242753398029615,1
-0.937008036288686,1.43509188922052,1
2.24086309795237,-0.483572753058415,1
-0.0775737264833031,1.24523079600846,1
0.351679025358221,1.83406279122995,1
-0.537877099832532,-0.559729601150435,1
0.562321695423098,1.90884389058769,1
-0.777779405698243,-1.53029128939475,1
-0.385850797868458,-0.593532318712195,1
0.930746218829062,-1.55080937797632,1
-1.2359464088199,0.858971898784111,1
1.60593857077184,-2.34641455864344,1
1.00914552994979,0.0668617779391062,1
-1.32554395602308,2.75068446829702,1
-0.766135914399782,-0.382661013852302,1
-0.340051777555851,1.3386502440809,1
-0.579882026047277,0.62408645860969,1
0.197997559668227,1.38803770104195,1
-0.264384551760838,-1.53080426567778,1
-0.801730473780446,-0.772513564786021,1
1.53227756118972,1.06340237383246,1
-0.307432129974746,0.337423023900218,1
0.0230441639501625,-0.679238397638245,1
-1.12497077280976,0.23833779956312,1
-2.11417052577377,-1.24428614886395,1
0.249524844895338,-1.37073134012256,1
-1.53675208781406,0.390698536402445,1
-0.652038625238732,-0.45632125599892,1
-0.584666663033522,0.188258493436375,1
-0.554744551780667,0.896955665211842,1
1.81826293597781,0.0527252255948763,1
1.37585217341315,1.85692034259663,1
1.07935523111671,0.310565180732826,1
0.298203859489265,0.614047574700778,1
0.725586356016552,0.752270081730792,1
0.0758502320894363,-0.646412020004997,1
2.54683628064252,1.02746631975857,1
0.542947773786684,-0.0432977170793646,1
-0.70830496461785,0.614558718890012,1
0.552409627190197,-0.827976071987698,1
0.154325228356825,-0.269790509047275,1
-0.145103557386036,0.189101435927902,1
-0.30929249002355,-0.410743465946271,1
1.06042661926181,0.440071307296281,1
-0.873295166016849,-0.150228483354608,1
-0.592895155002448,0.507527868353723,1
-0.296067149238387,0.517114472119768,1
0.116712756526988,0.304046608157465,1
0.0580974241167782,0.75566525393681,1
1.86266026470824,-1.62326086595281,1
1.29646422850152,-0.00338363841097305,1
-0.534926630277776,0.64687184234927,1
0.255148025044062,0.259132408251289,1
0.592397804106894,0.524746103266832,1
0.339050108873736,-1.0377088812082,1
0.960819860476492,-0.699403982448649,1
-1.11984220380077,-0.107231531497209,1
0.0837385857851532,-1.37024251627044,1
0.46355567542633,0.220380200320557,1
0.515470570613652,-0.422553752347108,1
-0.429282222733649,2.17953786022233,1
-2.1936945754075,0.694832986258416,1
0.868929526431717,0.515589173912336,1
-0.472135278753565,-0.0873460923572407,1
2.59073857336139,0.0985175230756811,1
-0.248912440866008,0.0851446747133382,1
-1.02912708344277,0.246861229211781,1
-0.273143250341132,-0.0307179480678022,1
1.62888586998222,0.43932222319567,1
-0.933545511288051,-0.824800941928259,1
0.153128014557301,0.742709821333786,1
1.03732456437933,0.601734400027437,1
-1.05938339329246,1.7378219309742,1
-1.40445680726642,1.80086764117579,1
-0.226954863311525,1.48179839942927,1
-0.379643907769072,0.142392850865608,1
-0.0886458152135491,1.97978801263842,1
-0.96307365178055,0.931759157905541,1
-1.34838897160461,0.99655787991743,1
-0.858202777860672,0.193143187065128,1
-0.677652786751437,-0.430707180772558,1
0.33206739822708,0.841438772761798,1
1.29464966989166,-0.577914721718504,1
1.56500014046646,-0.347931546744205,1
0.768109551668734,-0.942385533432819,1
-0.203529957468813,-1.27429396341243,1
-2.62612608978182,-1.61517013167316,1
2.2986803769492,-1.16167972110424,1
-0.421091468115891,-1.73188709043525,1
-0.580456498307751,-0.295277080282503,1
0.371757595910859,1.00820095618622,1
-0.549148732701317,-1.49143368607763,1
-1.99772148616483,-1.9168048892831,1
0.762255482947193,-0.759335014377723,1
0.156588433295445,0.483614488332161,1
-0.564371137321524,-0.223500946632419,1
-0.772215760415081,0.839935245680256,1
0.304222919814049,-0.704210192594077,1
0.626834452501106,0.13055605636211,1
-0.824479814109476,0.00759792237473553,1
-0.187128804274286,0.699952493669846,1
0.3422871195123,0.262176619100417,1
-1.33612787588743,0.298923125511305,1
-0.292776369103872,0.138625517180768,1
0.153951843376982,0.730440858959448,1
0.587650467541533,1.12734517900774,1
-1.15645072263251,-0.79343264206982,1
-1.48293558670464,-0.225140821957895,1
0.535883583149615,0.216476240401984,1
0.197873365503968,-1.71354594013426,1
-3.04470751604819,-0.0810543983554907,1
-0.392202607892862,-0.640142857764837,1
0.384652519175457,2.06583132054186,1
0.361737938874365,-1.42316263463132,1
-0.562198998489798,0.183686838992296,1
-0.327235739253116,-0.7764236178838,1
-1.97884732615548,-1.50974309725004,1
-0.177428491269946,1.76683812763847,1
1.31883985137991,-1.02498984164456,1
0.00791998432141051,0.204511006171859,1
0.53665838145946,-1.75553791414767,1
-0.200234763692697,-1.21462560418219,1
0.127732745661899,-0.583371225448618,1
-0.770685820539012,0.275372142796428,1
-0.370750138962503,1.04778215957119,1
-1.02852064637575,1.31874723067714,1
0.457625020251009,-0.608452807080145,1
0.106363361137186,0.346504074830011,1
1.30584996221,-0.877474398967456,1
-0.0846948833987832,-0.317169084186644,1
-0.936706999399548,-1.1056276793468,1
1.08012758095048,-0.315886458545717,1
-1.29402811201391,-0.521704354044903,1
0.89675309897585,-0.335763996543421,1
1.06553425479689,-0.828770574622681,1
0.471066847147318,-0.764919631131466,1
0.52898667668787,1.97107229955949,1
-0.87266236620903,0.207040976087571,1
-0.553830368001184,1.18832122394124,1
-1.07720638198688,1.48149368240622,1
-0.460747013337425,-1.83684907010138,1
1.48397544313606,0.410606057730769,1
-0.576129747012284,-0.977879377146417,1
-0.534683131905193,0.863789436961373,1
-0.530385356999621,0.0962332479074552,1
0.752280977640705,-0.586570185625697,1
-1.48951908426556,-1.16530129322875,1
-0.718852647444716,2.69157703662698,1
-1.65322493747699,0.901953767197083,1
0.606095128909793,1.59241506507509,1
0.210295009185177,0.808507517688147,1
-1.08042356852063,0.0289325477818467,1
-0.276566689194155,0.229887351205601,1
0.0253372955470522,3.12810241964044,1
-0.115583206121449,-0.287247609063916,1
0.608610228129859,1.10683368139661,1
-0.192931611370949,0.589175214787472,1
0.173059430209101,-1.07081444866645,1
-1.57324910858641,-0.441804698106067,1
0.299445996586031,-1.00003376532106,1
0.234522317388296,0.974346287342271,1
1.34416748382156,0.289984217671372,1
1.29739485937201,-0.345760642880017,1
-0.670572016100745,0.470391001376234,1
1.2044073381787,-0.177549261757939,1
1.44810233066517,0.691669212596513,1
0.357151269619391,1.21057070365965,1
-1.11531179361873,-1.94544956664315,1
-0.169089925465056,1.40128590159606,1
3.32251170762037,3.93758617821085,2
2.75117341520242,2.31629627946647,2
3.26335183283812,3.51306173452995,2
4.75755741652386,2.22304210970516,2
2.72822454055342,3.6148163742081,2
4.56893099160373,3.0652631657418,2
4.24974398672259,3.37486523471796,2
2.87259661448455,5.01370040131231,2
3.08075614295143,1.93874233948269,2
1.89018347379262,3.74990066716032,2
3.47430573892761,2.55680512549231,2
2.9800762445068,2.95041215640771,2
4.19425294364444,2.95510898598535,2
2.13463493741364,3.3543665154149,2
4.62720534217972,2.13636692343092,2
4.68801205352968,3.2045540495587,2
4.62928724911074,4.05670800019539,2
2.54866847870849,4.64821217506912,2
3.74177958896944,1.00626870383598,2
2.82303647645128,5.18813732523158,2
2.20465865673531,4.80989775052176,2
1.20627850241767,3.83820406403656,2
3.50324437233056,1.57577257179456,2
1.82824582214706,2.53536348184413,2
3.78319711882833,2.41923734468202,2
3.20601728084269,1.82328206023665,2
3.9864417756685,2.39193373347722,2
2.66107919562752,2.6446960588811,2
3.19978708327617,2.67242139180686,2
3.96669824180892,3.97459008702093,2
3.39131498867753,3.79202291589252,2
2.90665956779401,4.03772632169522,2
1.24831727922714,3.9472221441154,2
3.89927320189841,2.07731338853386,2
2.77709853985055,2.98420503833159,2
2.63655959275107,3.92573371004426,2
3.25049481575316,4.67179594140308,2
2.88110624089635,4.70747312778082,2
2.31176592497393,1.25927229733318,2
1.54858696971208,2.34228270482729,2
4.06988952914769,3.27913111589726,2
3.3153538807629,3.04140015773103,2
3.22985775963418,4.09041666558324,2
1.76447329608332,3.63750047724466,2
4.21706299929492,4.13106675482525,2
4.74416956065548,3.59175817786438,2
2.9377060776704,3.85664360000795,2
2.91015990195056,3.32475544186171,2
3.39588120697956,3.34197322104063,2
0.788676142960175,1.73270336698579,2
4.34170271412484,2.24770875847119,2
2.7578237594519,4.69513657184995,2
3.09515042074991,2.95329957875356,2
3.08837003449394,3.84119826691832,2
3.22720803943622,2.07945274519911,2
2.59552102352616,3.99146177060042,2
2.54161553365074,2.67414318063715,2
3.75475154095025,4.92724423279092,2
2.54773102247477,4.13243852646464,2
1.59090005240235,1.58179181761764,2
3.5608621580147,0.641265559202061,2
1.32549266815924,2.24325451784628,2
3.78752409241693,2.13780974872137,2
4.71272828871179,1.52339058666989,2
1.72509531008582,3.48862528823323,2
3.23926719514391,2.4810944921148,2
4.58675777204665,3.63245200982853,2
1.78498297040365,4.05397030425441,2
2.84880261155655,2.26626315039603,2
3.00141802055441,0.857577914361822,2
3.92996371013642,3.53489561942042,2
2.8013018093088,2.72920180744694,2
3.62010128326578,2.50456375534194,2
4.7955087948602,3.88241726424833,2
2.20165130073662,5.16769287923456,2
4.2836239723448,3.13813424314814,2
0.626083014517625,2.21558591448744,2
2.49895081696447,4.61253929913017,2
3.05794792348462,3.19165435994747,2
3.14896101918258,2.73470824252614,2
4.51398469404545,4.10694897843788,2
1.30234146401273,2.79787369894624,2
1.8038084533096,3.42510800308393,2
2.77910647338579,2.80867087615066,2
3.03928011696165,2.94735524768913,2
2.29355107489287,4.29420332906234,2
2.51101285678011,4.89920573056152,2
3.872478457647,2.44545557275227,2
2.47748660893627,1.9600689741742,2
3.61623739662005,2.49195166608287,2
2.1951629883272,1.67718118950562,2
3.81327230867173,2.59389109869239,2
2.89043623905318,3.14158858543135,2
3.41308830677874,3.32858045706223,2
3.82922020894499,4.25338708253699,2
0.960984162594453,1.44791649364172,2
3.5774401850805,3.29308662208713,2
3.19644979259752,2.90676117074022,2
2.645043543864,4.37417055507885,2
3.56673359763873,4.13249807046605,2
2.64174514570558,3.02391236392487,2
1.15911384241188,2.67392466903451,2
2.73772422135928,1.72634527628657,2
3.34414077493316,1.95116969913143,2
2.38209342939628,2.59419617024102,2
1.0400390521578,5.22479546143433,2
3.40596203088902,2.13856294656235,2
2.66698822253085,3.75621920097204,2
2.94701934755998,3.65452395808469,2
0.534880733886254,2.57597936492461,2
2.95804608077025,2.99122941509658,2
4.40314318601634,3.65716629503293,2
2.01940675947862,3.48057694764856,2
2.73475205350953,3.1827523732081,2
2.68458047598472,1.50319928849827,2
2.83679559518315,1.43809141035071,2
1.74832003932302,3.66219724730258,2
2.93730802373718,1.65830410850174,2
4.99192693423075,3.48096286190049,2
2.75597052741983,4.28493066369639,2
1.44765017878745,2.34358382288309,2
2.24423049181124,2.41105998579208,2
4.53659866531229,3.35959249919115,2
2.91941072159937,5.27573284228405,2
2.26662487369259,3.26473525341672,2
2.5893660673831,3.43225941172947,2
3.93217433793905,2.38312336156173,2
3.84706443010643,3.1736069917952,2
4.20404305080027,3.40074128415568,2
2.28621768552327,2.61871475540464,2
3.30933321262557,2.85149081481916,2
2.66601828766926,4.58651514692684,2
3.26509343345378,4.70574893272641,2
4.97531685673138,4.21429129913599,2
4.6824585271373,2.56350011238042,2
1.4795801786301,2.51424232720837,2
2.24597548530067,4.28934536133653,2
4.74938287817717,2.9795888496658,2
4.20991026315532,1.88897057508669,2
4.31661187540812,3.01967325734718,2
3.49174542966256,2.93545553159917,2
4.29865026941663,1.21422358509857,2
3.66182110153721,1.92165361174765,2
3.42237449426208,5.38516798437944,2
3.97359430160497,2.72858550130591,2
3.43664304693597,2.22931718344204,2
2.91676141359603,4.31407936384007,2
2.04340609857463,4.06304374645766,2
3.33149022821784,3.35704422378677,2
2.47481214537779,2.34074955788017,2
3.22810970613701,2.73389890480314,2
3.56060563753875,3.0109706936356,2
2.38004487451875,3.50409024673808,2
3.26057529810854,3.79428064911937,2
1.07025890707217,2.94535222484504,2
1.21889170246568,3.38713153021189,2
3.31961511027752,3.95476847530474,2
2.68860982032594,3.19580453135839,2
2.37702060532306,1.4698087706175,2
2.51887921203672,3.5195305342188,2
4.16733976461502,1.7566415761079,2
3.77831153939084,0.992984639231495,2
4.78792491647717,2.52059081351043,2
2.26391431919988,1.75585288441299,2
2.08819838295722,2.4122943903257,2
2.63334474900438,2.23951731169151,2
2.35162245153706,3.44808310831989,2
2.50437072518869,1.59406258344001,2
2.71541842944602,2.97077155886692,2
1.53860083634537,3.07517116978737,2
3.09514840664112,3.46941345051646,2
2.01313342257023,1.68530286734568,2
4.31612093164571,3.82824768378262,2
4.54597380390034,1.52459263131647,2
5.20121939496245,2.94543121875903,2
2.17907567687193,3.75933890884528,2
4.19124371260092,2.69924211202532,2
3.09055433216265,2.85391713084819,2
1.88049504001126,3.85056537212767,2
1.65415483248536,2.86738192260548,2
2.06366283787557,2.10843038416549,2
2.00658442277464,3.13241202471071,2
2.61206987009669,3.42679370593813,2
3.30889956121853,4.34092631115938,2
3.17627734910403,1.51340050186446,2
4.94868386387611,3.1338754109079,2
1.23079939856369,3.67311908770168,2
2.25093622235635,3.08399359140511,2
3.42399530573013,5.35224688465763,2
3.59904974262316,2.484738567641,2
4.613314349596,2.55366731313026,2
3.47742595159228,2.71362702532355,2
3.48659234640146,1.94329676541181,2
2.98753676619004,4.38112897809967,2
2.25250951089452,2.90328157436659,2
2.86217012505647,5.04871258228497,2
3.55141147284699,3.83559077016717,2
3.216822644169,3.81365628783428,2
3.61839552986188,1.88185393632016,2
3.00951578635964,2.03840133909986,2
2.99560388178998,3.49635447989384,2
3.67805360619873,4.37187504981015,2
5.40754334056405,3.53524724489247,2
3.74067265859266,1.2003310439524,2
2.26611304224437,4.18401114851993,2
2.82363238487527,2.87961225663481,2
2.80228630822284,3.60102966758254,2
2.17907648795834,4.9005546008282,2
2.55233837665284,3.86359611473654,2
3.54426072407232,5.55853937817112,2
3.92223966681029,2.66799756418537,2
4.35977372279069,5.59512818997112,2
2.57282333306295,3.17516520660065,2
0.954566885613052,3.8424296632208,2
1.777133194566,1.96279420152228,2
2.10470452032155,3.90614613072718,2
3.86990240742175,2.94264577396527,2
1.65405723490646,3.8492247155718,2
1.98460660614521,4.09170710905955,2
4.34967651436115,2.9739955944477,2
1.80663233501284,3.42923054218671,2
3.47556204714008,3.47806830833896,2
2.58958547933101,4.37894093252459,2
4.35543348065478,3.44031016972607,2
3.47806049148112,4.87044807822646,2
3.27508496320363,1.55246069848351,2
2.97835068447199,3.69112452441525,2
3.60869818873622,3.16332270001522,2
5.56635126741326,2.17590648034438,2
4.13011375829347,2.82063840698401,2
2.39169725406512,4.77414923979878,2
3.02880836158239,3.88504481427621,2
3.50119928424915,2.69954910687747,2
2.51757704690343,5.44341888540895,2
4.17739687805647,-0.135176608376671,2
3.12783853695883,1.59267095060633,2
4.82141493727167,2.54106400202222,2
4.03140244157601,2.53063794757783,2
3.57453286087353,1.87751387048018,2
1.96706595064356,2.95391756508346,2
2.55372280357684,2.51017031895848,2
4.11054186359659,2.91061204883676,2
3.49219988257412,0.772818605348467,2
1.18406780180732,3.27624245763457,2
2.02287948352348,3.51123147946432,2
3.45622801517074,2.19696907267097,2
2.83672417526828,2.51964136088966,2
3.12997392774432,4.34087154869891,2
1.22473250632273,3.9608492927068,2
5.32433325499832,3.19182814084734,2
3.51702365190579,3.12738587910947,2
3.13095306759154,2.45127133124269,2
2.69642639603599,2.50808122938646,2
2.88765436269778,2.7883467617644,2
2.39242623627279,2.92575893158845,2
3.36795999938201,3.85177957909155,2
2.49295246121236,3.9974839212211,2
4.19954842063324,3.25419038664471,2
3.03095429418677,2.57475955249101,2
3.00403185225079,1.41724425934532,2
3.96348334653804,4.0190941088049,2
1.87355902411738,1.66760883120933,2
3.58654869177102,5.7773952093594,2
2.73140440825253,3.34519699930976,2
2.93430994563915,3.22384291997802,2
2.29518155634755,3.17195641345639,2
3.24136378007851,3.50690146490889,2
2.75113274214353,2.15890739129758,2
3.29778324486863,1.15524769249243,2
3.32803489217416,3.45790343097818,2
3.40138071777566,3.11741295398222,2
4.75081006162554,3.52789758279437,2
3.51021133351365,4.71683411313112,2
1.00178827927021,2.9017606525426,2
2.20316231647179,1.21642930817503,2
2.84465994545935,1.93423905049823,2
2.23820132231404,3.41825770521996,2
2.0065155362905,2.14368419909105,2
4.35475918415856,1.3135881538531,2
4.41885171292452,3.34683804936801,2
2.3465890817379,3.15916669694377,2
2.9147941607755,3.39424322401273,2
3.24682229992934,4.51425143657609,2
2.87999005235752,2.51690742879229,2
3.82633365023182,2.22999387069883,2
2.0788601888358,4.07727282649018,2
2.28985109884977,1.82104191101171,2
3.00089020820727,3.13875220383188,2
3.1479548321601,2.45785622546529,2
2.60613392192753,4.64733494274447,2
1.72593757874073,2.87026007806855,2
2.83249378853592,2.7020126066997,2
2.81617393190599,4.17999898351496,2
3.21782767472646,2.88751039509243,2
4.52291460855061,3.01124100379704,2
2.22741261442453,2.4161620693876,2
1.90986565097859,4.5075959354374,2
2.15756040778686,2.88757532235562,2
3.32814512336806,4.01469873789062,2
2.7968237208265,1.43902826844019,2
2.0377548882081,2.66637465489186,2
3.83216674542336,2.28073092628724,2
2.52252840973991,3.75430010672502,2
4.5978973093263,3.80328941947639,2
1.18559490764068,1.636707030617,2
2.45687342326849,3.82365682619736,2
2.86402794279532,4.08227323172748,2
3.78571489422385,3.37001064244434,2
5.21541223086771,2.84066576887513,2
3.20456163371822,3.24361255050465,2
1.77836435411831,1.38530248987514,2
4.05649394368329,2.46398905851516,2
3.98781766986867,3.72263661528654,2
2.45078693807711,2.41184699277062,2
2.84149188018194,1.93450067368432,2
1.260517650114,3.34453931954149,2
2.64688426728578,4.0469769181253,2
2.96465337963705,2.96415699153154,2
4.89030942813452,4.82320048760962,2
3.87547946483773,2.7169560720486,2
2.58572821754772,2.7738882879842,2
3.95499484616279,1.91766971929182,2
4.37083450894646,3.40775333169011,2
2.77040091922042,1.74118636087744,2
2.24472123144347,2.14653098196109,2
1.09043704517096,4.11189766049675,2
4.23764134531124,2.7990188749096,2
2.58984065987683,1.81519645640226,2
2.22227954924486,2.21254794376591,2
2.31788493818483,3.38642609254112,2
3.17802786785889,2.61815430082387,2
4.55377059326022,2.68696622492123,2
4.3609082615053,3.26064667012331,2
4.41791696737705,2.67227220697363,2
3.70965956138678,4.11515302959644,2
3.66665621187725,3.30716260850142,2
2.99107974454912,2.86073897914298,2
2.89688037725401,2.76044896360767,2
1.84747140234651,2.5363031551468,2
1.87758229303575,2.76458590806147,2
2.86324045828858,4.10478369781663,2
3.84460693723368,3.23508555506938,2
2.67346901607338,3.48848420479506,2
3.12046681594209,3.93493123404826,2
1.90656614446727,2.83033662654248,2
1.99016411732095,3.67582802951534,2
4.53541311493126,3.40709281316921,2
4.22105284472,2.02123772433386,2
2.93996431746959,3.37827215685136,2
3.36782317255472,3.8651556282533,2
2.92419743814267,3.75672380896224,2
3.56301150999133,2.52706586666232,2
2.11526591478429,1.61794931558662,2
2.10791995790389,2.92405660454719,2
2.81638761480583,2.8642062810597,2
1.61593244012399,3.34140703330202,2
3.82978132539301,1.40472230588045,2
3.07666674210973,2.366426340651,2
1.51849898046318,3.02315723708047,2
2.9813684477432,3.49794512614859,2
2.11258866083271,2.51333947350596,2
2.97179159963288,3.26104389386244,2
2.95346330180851,2.89114091675124,2
3.42889703540294,2.55089437719053,2
3.84916850826562,2.46021827364965,2
3.78305565809627,2.15164576568657,2
3.75592358844767,3.24718556947047,2
1.20612409036027,4.82671936557181,2
2.63906359356742,2.29338381998974,2
3.35140864437765,0.907615055209701,2
2.08032371152904,3.54997664642935,2
4.06395150026094,3.80252687267105,2
2.97749845674925,1.72506808845211,2
4.98306725816676,3.33136414724239,2
5.28238878114475,2.73585580704039,2
4.66518382866691,3.56460424386672,2
3.34516789193769,2.75422667148794,2
4.26633870111365,3.6059811352205,2
3.53207212439277,3.06033986464434,2
2.36503159979712,2.38276040581299,2
3.25387433818798,2.49447706603534,2
3.15978053832828,2.451312562038,2
4.59359430036896,1.72173548820753,2
2.39772528091246,3.65160431377535,2
4.05453193299577,3.42882767763739,2
1.30205399452868,0.583450557674715,2
2.59434262987944,1.93954219637756,2
2.46031226248292,2.59092142522367,2
2.7099066136854,3.53673816021367,2
3.30053440517437,1.44786363705619,2
2.32613184206856,1.86647359098738,2
2.52009014966266,3.82114838383357,2
1.32885398109948,1.89448497011819,2
4.31338818307021,2.50398316287452,2
3.76091698894015,2.5894612554122,2
2.30664154853478,2.10743658503662,2
3.39352646361883,6.26529777708815,2
3.02817974443986,4.95625742028865,2
1.3683600381079,2.77034176348574,2
4.29764199579292,3.7376248832956,2
2.76081417178185,1.14835176021992,2
2.14382494834592,2.32436719017601,2
3.56134974063258,1.79111590757214,2
3.62542062002904,2.50785978979065,2
3.80008348111427,3.91906115344213,2
5.27439145173079,3.29101156074825,2
0.371858438734736,3.00502785558389,2
1.92554003151409,1.37608137731888,2
2.44586474979274,2.5101675735172,2
1.78228535020342,2.87636181461206,2
3.77312535729495,3.02991154779888,2
3.052024024574,2.45411450029285,2
3.11700533080453,4.53560016651414,2
3.04696927843154,2.9715689255088,2
5.29438373164337,0.703130984570869,2
1.81767792990586,4.05611494294026,2
1.5161429415265,3.05104319575412,2
2.74726100917029,3.32980158043594,2
2.38895588992494,4.76531489774468,2
4.54324805992095,3.38124834504419,2
3.3430763916152,3.57090222422264,2
4.85046330021902,1.72681636420865,2
3.54277668756784,2.97110523732954,2
4.04968901717815,5.23717082500108,2
3.08785549976149,3.2034240123872,2
3.24732530791911,3.49578488150991,2
2.05868145610262,4.61337455136299,2
3.76680251978582,1.85394102655726,2
1.62390412185383,2.5817229039518,2
2.92973281458283,3.18084346900531,2
3.79582676454504,3.87262798651408,2
4.45596241779983,2.88072527630861,2
2.0643338698343,2.10391561387621,2
2.56133364253827,2.80955220874867,2
2.93573433015857,3.80363464833731,2
3.25598436890682,2.46462449547515,2
2.59668028723508,3.65773855225014,2
4.26025755222444,2.38917230425084,2
1.56292869785527,2.16809937807495,2
2.07332856449817,2.52800610266315,2
1.87611241015262,4.90977801006585,2
3.70241861853564,1.53727480355452,2
3.17860121043406,3.65349254699294,2
2.21786866503745,1.59628245766294,2
2.07228176634051,4.42651056918127,2
3.18307379271858,4.4733229506078,2
1.29034712416293,3.95927081458333,2
1.60680354076926,5.26936614828101,2
4.50362282096256,2.54868909611386,2
2.37186093963691,0.558471813697132,2
2.46323597240225,3.6681395534226,2
2.24995731650889,1.72433056850625,2
2.98666802854636,1.77028224285401,2
4.95375207721637,2.41696198356796,2
1.82651078304238,3.33097596405731,2
3.11075535467649,4.16398909456897,2
3.78022307441674,3.88852250580892,2
2.11876916789837,1.72601347909579,2
1.74149035253596,3.7227845142051,2
3.61724360094264,2.85161067262598,2
3.27280718574778,5.49222097776323,2
4.54003722668979,4.28779219034277,2
4.7204670304952,2.36116869814149,2
2.45858274968813,3.78704049655993,2
1.51468973276217,2.80364203803098,2
2.80252772668202,2.48694997739264,2
2.99385320947106,4.66352524886821,2
1.94578477820799,1.68909348313285,2
2.94992682779008,2.59805529810373,2
5.20357588337838,3.25696652969998,2
1.691485761138,4.48835765734119,2
5.39414451338493,3.29029735795356,2
3.79284484175257,3.13363911694563,2
4.42092565125768,3.370991393392,2
4.00888571680385,3.07851643392977,2
5.17434874640924,2.75495506476524,2
3.62614768730309,3.10993741742251,2
2.06423182827899,2.55832440312226,2
4.68799216798029,2.81720968778858,2
3.69479379429112,3.00658891586235,2
3.30241567046356,3.39075802057548,2
2.13318866288054,2.45807201985351,2
1.56148371450022,2.33825954911731,2
4.54420229489872,1.43509467104901,2
2.0430005979948,2.47099419956832,2
3.72139954380434,4.37296128481555,2
5.09223510742599,4.26105556526296,2
2.62016249420202,3.85137767869035,2
3.53277982765496,2.53502556598936,2
0.289262395124466,3.08515215768566,2
3.91984848507434,1.92959220424257,2
3.78615669654217,1.69463498981422,2
2.58233595415962,3.49596947312983,2
2.43480506856649,3.16034651347471,2
2.16152183445544,-0.303649985816545,2
1.88096592748026,1.70777740853705,2
3.78204958914038,2.22810113168547,2
3.46918375957447,1.58868577507184,2
6.02360779585369,3.30091020441875,2
3.84884284577766,2.69525878147896,2
6.02571715892763,0.123707852352918,3
5.09898757266246,4.99806280870512,3
0.110183883791859,-3.51884387484243,3
6.28702886231241,-0.647045940187252,3
4.60249741167531,-2.22142706573708,3
6.67178142120745,1.23334662439543,3
-2.9774569917353,-1.26138078892271,3
-0.269960414725603,-3.58472205309851,3
-2.89803892377187,-1.02622851804683,3
5.44299857797906,-0.836787304776561,3
-2.01647328587948,-2.66699720451653,3
-2.79551327739737,3.51892108482603,3
-1.16385462897606,5.8410826757665,3
5.97184814111787,-0.945255277336425,3
4.22422286162341,6.19119996046033,3
0.166820265903151,-2.99623474391082,3
-2.21264161984828,4.6107450094292,3
5.27396544495204,5.17314259674362,3
4.33272403161369,5.80789605454334,3
-2.26100393822643,-1.17923254937078,3
-2.97992036717551,-0.384180704338846,3
-2.8533227802726,2.96936087466267,3
6.72652931372564,0.929206702556807,3
4.89855508366429,-2.11588489309781,3
6.4675692869369,-0.202196050539328,3
6.5144082964507,1.58588841443035,3
0.512127442478513,5.96928484047225,3
-3.33113974956937,1.84113867603639,3
5.64802624657954,-1.03784650265839,3
-3.08797088831799,-0.568824052558973,3
-3.32560420751013,0.908429554077597,3
-1.92018828889024,-2.36674864785734,3
1.03669094571475,6.08926913046517,3
1.43628587898243,6.17139969285514,3
-3.4968011108763,0.448974281123927,3
3.35903916898994,6.49778247323308,3
4.26787049120746,-2.05451301929158,3
-2.19533236389389,4.50794524033987,3
6.19898261410257,4.20264508669668,3
0.470979316216942,-3.04257194851217,3
2.72429056036369,-3.49267167711414,3
-0.225722978174445,5.90542136757429,3
5.71644533160509,3.31357785771942,3
6.0790108012579,-0.900766464266211,3
-3.23572287841775,3.49141737833938,3
4.46465038872598,6.07374823150955,3
3.30022691136034,6.46423156717182,3
-3.48612053259261,0.991474137808253,3
-2.47916276300652,4.12305490767378,3
-2.40098028183168,4.31448836858812,3
-2.50307366914333,3.61052130138565,3
5.01355277746145,5.1706614054628,3
2.8722599755093,5.94151286544146,3
6.02278623420735,2.76709636969546,3
-3.75265724919889,0.328560719257176,3
-2.90281601954382,-0.957540044896114,3
-3.77822890741561,1.70814914721258,3
-1.82138262318378,-1.76545915651236,3
-0.604705159760759,5.76570467507382,3
-2.95292555892903,4.50431572607724,3
3.87376536061029,-2.32690695182988,3
3.26416819417593,-3.05797953094673,3
-1.90659154861202,-2.01315493672489,3
-1.88918364056542,-2.64122751994312,3
1.89209438470034,-3.08826435891318,3
6.17039551051082,1.78004654575826,3
-2.4435999665507,3.70126752263976,3
-3.14004740422898,2.23136156182101,3
0.0458529526050258,6.70692732393565,3
1.49614726951355,6.73430112145846,3
6.17911431457447,3.02280959090503,3
-2.42219234141894,-1.4000481814223,3
6.36770792667189,3.46216314422651,3
-3.02035143683196,0.151295892974849,3
-2.40477012420535,4.85244056159029,3
-3.05566660977493,0.314553903441312,3
6.20126526652593,2.95789659352717,3
3.95007463389631,-3.37296438654521,3
6.58567988620077,-0.448800859358848,3
5.99366480794335,3.17311540821588,3
-2.79860778670034,-0.0204941270175762,3
-2.44352368054915,-2.11324244402723,3
6.93041890288662,0.932961079845908,3
5.68769337555753,-1.21683697115067,3
2.06054575129432,6.1134782823444,3
-3.44958622801192,-0.121701968214838,3
-0.88594446081966,5.71118528656188,3
4.53894327589905,5.95875686632918,3
-3.13787705356675,-1.32206706737182,3
-0.315343948257296,-3.09617117974105,3
3.59311870992994,-3.49550823277505,3
-0.0602333615118025,-2.81977532997154,3
6.25986012914744,-0.269225173774863,3
6.2663559379025,3.3055270279827,3
-1.6968731139124,-1.95971326618433,3
0.339931066774151,-3.67515341456457,3
-3.78701894954696,0.495932282256593,3
4.60431550833862,5.51201564508974,3
0.39165391649237,6.18523837863175,3
-3.32382445121757,2.6741463314488,3
1.71291287625446,6.62457714913394,3
-2.68332021219936,4.86691673005624,3
6.80976584033619,2.10505997684118,3
6.62320730587126,-0.276230834432342,3
-0.63226929724294,5.46918944759081,3
-3.50431269991869,3.74032677344486,3
3.50562669134469,6.5254889116621,3
1.46231205580781,-3.92755621307532,3
-3.31496801468361,3.5791326520912,3
-2.4662269392792,4.27713804612759,3
5.10535659282182,4.59500050913473,3
2.85589194790821,6.44848283090084,3
1.75051879761552,-3.59033667315527,3
-0.494123609062227,-3.24871302515908,3
-2.13932077349824,-1.32660158723604,3
4.41702685024602,-2.17873916371423,3
4.3353890913258,5.52516633138134,3
6.44006226582499,0.920821148804779,3
1.78695179266738,-3.41475492323735,3
-3.5809276939687,2.81029647214428,3
-2.81906966862395,3.38940115860247,3
2.95790172228056,6.63478463405693,3
-0.669857907149738,-2.76513938233994,3
-2.8595259206162,3.77251072022696,3
6.47446561445737,2.35373068063461,3
-3.26230584422389,1.40365306878137,3
-3.74377595709764,1.08755760654323,3
-3.58501125953656,0.141069115601715,3
-3.62336525225667,1.36883495731127,3
-3.56424637611599,1.46804117453138,3
1.75232442172194,6.88187135147183,3
-3.33823343210031,-0.539474057303959,3
1.79207020722726,6.98481864957649,3
6.42878351840413,2.88001955840252,3
6.25222255734557,1.11484929071883,3
5.52159122716619,3.75620004498486,3
5.44526339054352,-2.1904794623761,3
3.64407935706491,6.44344216858447,3
-3.28158811375477,-0.963355475725654,3
3.13639575439137,-3.28619593943919,3
6.0997112044335,0.636732655548266,3
-3.14583758760861,4.05354056177942,3
-2.93741271139757,-0.873093868478839,3
6.17003056493999,0.480432168710574,3
-0.00463118809790863,6.20484956536131,3
4.82668499660691,5.50665793689154,3
3.38644163130824,-3.32055629925776,3
-2.55956785282357,4.6813437456712,3
2.01636391908625,-3.58373378801027,3
3.05204194178122,6.16990689511556,3
3.83710929317276,-2.79718470945149,3
4.08807475712828,-2.44377308804998,3
1.75272012993874,-3.92737265914034,3
-3.15038169205299,2.64030766516945,3
-0.324355519200745,6.33649888336616,3
6.27065663463657,1.5704387923902,3
6.25032891990909,0.604443018700396,3
4.12318150285571,5.26213936857497,3
2.90499954165911,-3.32076591583015,3
6.50358704435549,3.08213755546148,3
-0.320139054067258,-3.49789060706714,3
0.540010390403464,6.61302892216003,3
6.81238147379587,1.77402068469314,3
-2.44234887338698,-2.25432793623214,3
6.81249315237152,2.36382628628203,3
5.93951534575371,-0.125551405321632,3
-3.43044526652578,1.98775822949574,3
5.46564670582017,-1.7659608518883,3
1.00142790107583,6.27841997641754,3
-1.35470326942667,-3.1589299198435,3
0.738655778817117,6.00310922075092,3
-3.50904886800976,0.150900750005352,3
-2.42169820503146,4.88575926824781,3
-0.99085235806467,-3.33195519068262,3
6.32559905677641,1.48051088709324,3
-2.84865029146891,2.69165011756059,3
4.90549092506452,-2.78544061405765,3
0.741539423480579,-3.24946318030215,3
3.83981615715411,6.4268721188951,3
5.65030433576557,3.35265826070361,3
4.22545031816796,-3.04040060879425,3
-3.30241277489575,3.69510332408335,3
5.97925135621279,4.0033862020241,3
-1.51094693592035,-2.2400177494372,3
4.75452963718338,5.63716903688458,3
-2.53683264470478,5.15029183378476,3
6.29829222498229,0.903339607889362,3
0.431098826896082,-3.16868177614588,3
-1.37296889289481,-2.11990117495767,3
-3.71325925075509,3.07678623736398,3
6.73185162334201,1.37915000842322,3
-0.492135978990287,-3.51155284423278,3
1.75292466851077,6.89390561436397,3
-0.132071900322709,6.50011320367089,3
5.79265600974446,-0.19273730956172,3
1.08261877794117,-3.30559576353162,3
6.87983472399772,1.89423995276928,3
6.53268055631285,2.04434563224263,3
0.113233071606178,6.80098541108368,3
6.1659733837739,3.18328071302361,3
5.94554205797332,4.03235612583788,3
-0.788810479288944,5.86992968200922,3
2.80531447327228,-3.02815212434046,3
4.19063394654655,5.17840028062318,3
-1.68290288516266,-2.28042641504941,3
-3.77104350584342,0.29453937839395,3
-2.89339827271736,2.74510183605741,3
5.31902460115922,5.0837164414382,3
6.14817954998495,0.227156548236096,3
1.96750499605303,6.56916086871959,3
3.31260578285822,-2.7475739928561,3
2.87123181540396,-3.59034647071834,3
-0.0651330836943051,6.63315050442869,3
0.223641938045964,-3.12666636025028,3
2.74694162111475,6.07654202662022,3
-0.0787030230213843,-2.8439092472619,3
-2.37263793260165,4.61806141372605,3
-1.44408758406048,5.46844471104607,3
1.60641354283012,-3.74975234933976,3
-3.26219114850194,0.00511065858597548,3
2.98297755570769,-3.13255626784345,3
1.46947577148802,6.62498501713021,3
-1.5358088079678,5.3164976619739,3
-1.94952295099273,-1.79709831906934,3
-3.50030357824402,2.44702598511961,3
-1.57231974823497,-1.92131270886401,3
6.68289110394385,2.52405510634264,3
3.45333390271691,-3.64098649889444,3
1.17280028173683,6.72032848956182,3
-3.60752600228803,1.13311840557896,3
-1.6971380406739,5.9251234101144,3
-3.18870615141606,-0.56066714744444,3
-2.91506337946411,0.396147085465911,3
3.42418510127847,6.57489219082168,3
2.4128390999997,6.4642499546488,3
6.77908013274345,1.02963178216071,3
0.048192242715692,-3.0916534633471,3
-3.38201386785121,-0.171335765691732,3
5.5362504899866,4.22564447769763,3
5.98426308704215,-0.0759139547628598,3
4.60347620826886,-2.42453617901699,3
5.50396476885913,-2.03658801803886,3
1.48785030103315,-3.56212719213101,3
-3.35097152363444,-0.799360345564147,3
-2.93334715201182,-0.21352182165232,3
5.54285333481799,3.90737667122388,3
1.82883229081552,-3.08528045343961,3
-0.500945055169582,-3.58013026952524,3
1.69635252011732,-3.92748786326697,3
-3.06184053902668,0.707273745274452,3
5.91432462523745,2.95139061248951,3
1.85144207463911,6.31824428071408,3
-3.84681077210326,1.8052319404696,3
2.23573066089121,-3.23648212508347,3
-2.95962689275462,0.0024623894749769,3
-2.927864642485,-1.30411054466427,3
3.68329668077394,-2.53827414616636,3
-0.448060404106112,6.54912984950406,3
4.58973989294867,6.04698671506916,3
5.30469857288314,4.68168583007777,3
1.4001712312269,6.9331495659365,3
5.55785937484807,-0.557580880642317,3
-3.0360514868059,1.28331173410958,3
4.71297900315246,5.45518865041438,3
6.74120453804521,1.52219321303265,3
-2.42798291688261,4.78132447651602,3
4.51580123408992,-2.17180076113796,3
-3.02050856346364,1.27320048934342,3
-1.77537993329418,-1.86431267477318,3
1.17816542314544,6.64455877036395,3
-3.10297578855072,2.13208567718621,3
-3.56910162305229,2.70478429204675,3
-3.38876506482246,0.371074094765195,3
6.1590105117139,3.88723529467495,3
-3.82644340772872,0.346386011556389,3
5.30309639367684,-2.42856306195008,3
4.43595310188904,-2.34427601311163,3
2.67438630749965,6.52893537315067,3
-2.71782687405647,4.85523832409764,3
-3.39107736737746,3.78856126459007,3
2.53200203862855,6.74433669651329,3
4.12403801620602,-2.5978811695817,3
1.14071986571465,6.56436168244609,3
6.17371663409348,1.06884912500545,3
6.24637830146314,0.519017868348243,3
-0.00562404119075022,-2.77309990465822,3
3.52966225346517,-2.69312767640142,3
5.36860956099828,-2.25062557958223,3
5.98354091654853,-1.17847202628736,3
4.87246163227421,-1.75620310404057,3
6.71811733372783,-0.163158455514551,3
1.10248308268502,-3.62525850770846,3
4.83275165934219,5.34394896914075,3
-3.83228168900077,1.58955616968881,3
6.41314758959617,3.63906139712031,3
-3.49584875841725,0.572054327934956,3
1.76104196194643,6.52175388654995,3
-0.924518073484071,6.12296505822303,3
-2.34238175296801,-2.06601197433791,3
5.83579983576642,4.26656508966477,3
-3.32574638630267,-0.179137588813996,3
-3.30036717681159,-0.125251445146882,3
1.44824156562008,-3.55079979719732,3
6.63128424149545,1.79000748098692,3
6.26102061382964,2.37450285372675,3
-3.31849085021293,-0.807750863503771,3
0.249130182861594,6.01208842006632,3
6.32995268673838,2.21137636121082,3
-1.10894324499661,5.33159231452408,3
1.28971317276945,-3.20843195467736,3
-2.82030462067902,4.26143545863299,3
1.04657238007131,6.61971305432975,3
3.12144038561719,6.10685796671079,3
-2.06245268710272,-1.57485181234154,3
0.29537175261087,-3.3321112709883,3
1.00621451864731,-3.46537626033429,3
3.96533338992214,-2.58517614464635,3
0.703291714939903,-3.73240291692845,3
2.06354799088311,-3.93743003315723,3
-3.62074056343762,0.516876070431378,3
-3.37041400521545,0.0988142150596476,3
-3.0072344441266,2.23489755839054,3
4.25420670042987,5.34655249904737,3
5.15399515265671,-2.54035255148398,3
0.334364654500123,5.96106834598305,3
2.84520781711529,6.70310337683574,3
5.36666313250859,5.1222836709413,3
4.31469189563558,5.01911827040466,3
-3.62329036221105,1.87860562876431,3
2.75731172807015,-3.45102995472005,3
2.81106316454121,-3.34067546457704,3
-0.00285046309244708,-3.30975302049948,3
-1.5086733800153,-2.808632250179,3
6.87939958395371,1.80586734810268,3
-0.800035028086231,-3.22953865269868,3
-2.95439752784476,-0.677582065214867,3
-3.45219472649582,1.41054312544936,3
3.17760154847496,6.59305590216935,3
0.829317233075483,-2.96137119840941,3
3.52285451778609,-3.46071605912484,3
-1.58423151720889,5.09019100375266,3
-1.77395024229331,5.05892229020971,3
0.684479039662456,6.61909176412558,3
-2.36228478077301,4.80741493015691,3
-1.0668877503768,5.87689125055151,3
5.53229173931153,-1.12167657878371,3
0.460105045534543,-3.56392120745686,3
6.43711710613877,1.18753927236572,3
-0.876558981192357,-2.78853083341236,3
-3.17072189323149,3.92188638873954,3
4.52473585892351,5.27312761640123,3
-2.73768672848815,-1.5679818003325,3
6.41731129576222,1.36306025911887,3
-1.37994981725076,-2.76396197633533,3
-1.25610091094165,-3.19109224320582,3
-3.08020485715133,-0.487040443032486,3
-3.10631253278606,0.0405253559573848,3
6.06476964496629,3.96506779999032,3
-1.27152956595033,5.41378679595134,3
0.285465395417909,-3.71823404954335,3
0.159193211504411,6.20548958508918,3
5.38813270524285,-2.38699922673166,3
1.19487515023213,-3.27058911208468,3
3.67695233767339,-3.16393273173676,3
4.7735751484374,-2.77431504910729,3
6.56763215266644,3.44340024244613,3
-0.682009971090657,-3.05197146701659,3
-2.58640250168724,4.18871578958685,3
3.99753471114075,5.40447464257044,3
-1.31239333183716,5.15773534854031,3
2.25769111082492,6.3927635372254,3
-0.208940674543127,6.47477186826542,3
-3.70511051858344,1.83317144972384,3
-1.78664278445751,-2.11295835444263,3
1.64409415991884,6.22203604068667,3
-2.08348444609953,-2.22421777238022,3
-3.88131249190478,0.832080882678296,3
1.08936421105152,6.93167864745269,3
-3.62450919978353,-0.350391626235076,3
6.71708558409421,1.96568206071161,3
2.67476435523135,-3.17351014672333,3
-1.98928908410611,-2.4616279732774,3
5.47055126433445,-1.2609527618745,3
-2.07358867386723,-1.72291918615004,3
5.57536578775839,-2.08765751499526,3
0.75913781839574,6.59271269329571,3
-2.56035004156357,3.9661653891082,3
6.26692779846567,2.26602117273929,3
4.90071129951359,-2.65035258253433,3
5.63253062201298,-1.43094070292617,3
-0.767439154822567,-3.11906143599599,3
6.38518456378926,3.64160859238514,3
6.00855140842928,3.97178141562801,3
0.877504460944252,5.9821225623475,3
4.35152163056462,5.25719168626585,3
-1.98185507595868,4.5586033142523,3
3.97068186310694,5.29478906306466,3
-3.57420563905016,0.982337897270874,3
6.49603949374535,0.592068892144205,3
2.54467996886458,-3.02716849692851,3
-3.73925537947717,1.84279191264582,3
-3.03686849452575,1.88395417973722,3
-1.24553430033847,-2.47905102944939,3
4.81732443112691,-2.29588773120166,3
-3.04126240167735,3.27003287872154,3
-0.977302568452569,-3.26726055223994,3
0.167800795399827,6.35136938057934,3
3.9637216192374,-3.12300076922858,3
4.89270821697119,4.49816135560794,3
-3.50075520546282,1.08871473004839,3
-1.11146502924232,5.56188812507172,3
1.65974657048142,6.11257252163692,3
3.88739072354847,-2.9336240138461,3
-2.31732125871669,5.16220512514486,3
5.32886210766762,4.0281918992612,3
-3.43282021936652,2.65062778248584,3
-3.52703177603425,3.22895046874517,3
4.9216009611418,-2.53187724978165,3
3.91832155653431,-2.96224812288198,3
-1.44643338767735,5.47615331219207,3
5.66073658619058,-1.48301523922529,3
-2.81138406472921,4.2364205772602,3
1.99058284367379,6.39175655248628,3
-3.34439432182857,0.790075723484816,3
5.31186723460892,4.05288099665727,3
6.00923089420415,0.157917528946784,3
5.45975909145323,3.95207151929154,3
2.31769715595061,-3.25935874182835,3
-0.393371591402483,-3.6216569997386,3
-2.25753760745146,4.67136956974601,3
-2.63408651006854,-0.964589033892944,3
5.14437156440654,-1.74800653408713,3
5.1838468136818,-2.19928331231233,3
1.0801862627101,-3.06680058289651,3
2.89382213173433,-2.9620096812143,3
0.968822656501885,6.63891303110665,3
-1.3231020530443,5.32857584473775,3
-2.98829777316683,-1.42790943954034,3
4.66970254693262,-2.47389589277945,3
4.16885433380413,-2.37755023959563,3
-3.00486658541711,2.10850181342689,3
-0.959728060309003,6.37265466991497,3
6.08044747671119,2.48949006047737,3
-0.866581296666432,5.41666448476709,3
-1.22581777274391,5.40731961654731,3
2.86705277174559,-3.41996641034782,3
-3.03950854388499,3.16348939888782,3
0.575591068103278,6.40139118172438,3
1.92734853317589,-3.25345159202099,3
6.48996258809674,0.385583428148283,3
3.59078210194833,-3.03249286727877,3
0.466721798919804,6.00149629851261,3
5.90649103811566,0.448942997102438,3
-3.22024551878659,3.91214638240518,3
-1.21789502192373,6.10878143865493,3
0.357194887781084,6.23111820490348,3
-3.04317061052382,0.35833295689883,3
3.28019204783091,-3.05724570372349,3
-2.53642795955662,3.61551184871285,3
1.7043630997021,6.22014511437291,3
3.85171944328016,5.51550486830504,3
5.99690654973924,3.11517356479422,3
-1.82068855776086,-2.67280704164578,3
1.26057201827042,6.92812394783844,3
4.41730050116213,-2.08001135931195,3
3.07692267464855,5.9608430926777,3
2.62019040162179,6.65789031866914,3
5.111433214418,-1.26967734712596,3
-2.58345547170258,3.67524243759788,3
5.84158832457371,-0.470684277548159,3
-3.60940054075412,1.13419068739458,3
-2.60192921529154,-0.767751572532084,3
5.31268076648556,-2.23663458254438,3
2.72147939270723,-3.06165875602418,3
-2.66911227353582,-1.40997130409801,3
-0.577670988149479,5.56984174375803,3
-1.72618413310958,5.12093372632838,3
0.224292255908872,-3.66506098660675,3
-2.22205984449672,5.20096031904922,3
-2.48019221735167,4.05629121320437,3
0.0505367353968167,6.72389560768343,3
5.36183018273631,-2.0568094093293,3
6.28124423720133,3.15188296287119,3
1.06388182442011,-3.1610274063474,3
5.85236093885037,-0.996729200647704,3
6.32494630704409,-0.193957753863126,3
2.44172880340543,-3.82858623314981,3
-1.50374430424893,5.28957625076711,3
-0.660879103585791,5.72258522908645,3
0.0397493377634617,6.35893407701943,3
-0.174956346631349,-2.99526653951976,3
-3.02915023195867,4.50790966359122,3
4.43551030633924,5.19458080003766,3
5.83758760303642,3.30624875157451,3
-0.626243559801294,-3.11136600882966,3
-1.61015200782869,5.50033316766085,3
-1.76367832535521,5.86416401403531,3
6.21673204927992,0.687371641136261,3
-2.41707751857284,-1.96872040609301,3
2.69755405937879,-2.94459366822248,3
